0  0
0  0
0  0
0  0
0  0
0  0
0  0
0  0
0  0
0  0
0  0
0  0
0  0
0  0
0  0
0  0
0  0
0  0
0  0
0  0
0  0
0  0
0  0
0  0
0  0
0  0
0  0
0  0
0  0
0  0
0  0
0  0
0  0
0  0
0  0
0  0
0  0
0  0
0  0
0  0
0  0
0  0
0  0
0  0
0  0
0  0
0  0
0  0
0  0
0  0
0  0
0  0
0  0
0  0
0  0
0  0
0  0
0  0
0  0
0  0
0  0
0  0
1923  5
0  0
0  0
0  0
0  0
0  0
0  0
0  0
0  0
0  0
0  0
0  0
0  0
0  0
0  0
0  0
0  0
0  0
0  0
0  0
0  0
0  0
0  0
0  0
0  0
0  0
0  0
0  0
0  0
0  0
0  0
0  0
0  0
0  0
0  0
0  0
3987  7
0  0
0  0
0  0
0  0
0  0
0  0
0  0
0  0
0  0
0  0
0  0
0  0
0  0
0  0
0  0
0  0
0  0
0  0
0  0
0  0
0  0
0  0
0  0
0  0
0  0
0  0
0  0
0  0
0  0
0  0
0  0
3272  0
0  0
0  0
0  0
0  0
0  0
0  0
0  0
0  0
0  0
0  0
0  0
0  0
0  0
0  0
0  0
0  0
0  0
0  0
0  0
0  0
3729  0
0  0
0  0
0  0
0  0
0  0
0  0
0  0
0  0
0  0
0  0
0  0
0  0
0  0
0  0
0  0
0  0
0  0
0  0
0  0
0  0
0  0
0  0
0  0
0  0
0  0
0  0
0  0
0  0
0  0
0  0
0  0
0  0
0  0
0  0
0  0
0  0
0  0
0  0
0  0
0  0
0  0
0  0
0  0
0  0
0  0
0  0
0  0
0  0
0  0
0  0
0  0
0  0
0  0
0  0
0  0
0  0
0  0
0  0
0  0
0  0
0  0
0  0
0  0
0  0
2165  4
0  0
0  0
0  0
0  0
0  0
0  0
0  0
0  0
0  0
0  0
0  0
0  0
0  0
0  0
0  0
0  0
0  0
0  0
0  0
0  0
0  0
0  0
0  0
0  0
2073  2
0  0
0  0
303  1
0  0
0  0
0  0
0  0
0  0
0  0
0  0
0  0
0  0
0  0
0  0
0  0
0  0
0  0
0  0
0  0
0  0
0  0
0  0
0  0
0  0
0  0
0  0
0  0
0  0
0  0
0  0
0  0
0  0
0  0
0  0
0  0
0  0
0  0
0  0
0  0
0  0
0  0
0  0
0  0
0  0
0  0
0  0
